14,2
14,0
0,439
0,365
0,346
0,359
0,419
0,426
0,369
0,316
0,436
0,315
0,314
0,357
15,8
0,342
0,420
0,362
0,398
0,399
0,443
0,400
0,386
0,356
0,330
0,393
0,311
0,309
0,345
0,437
0,435
0,388
0,417
0,353
0,341
0,387
0,397
0,368
0,408
0,446
0,422
0,0
2,8
0,433
1,3
16,20
0,432
15,5
0,323
0,403
16,12
16,6
15,6
15,3
16,10
16,3
16,5
14,4
14,72
14,12
14,3
14,5
0,300
0,299
0,298
0,297
0,296
0,295
0,294
0,293
0,292
0,291
0,290
0,289
0,288
0,287
0,286
0,285
0,284
0,283
0,282
0,281
0,280
0,279
0,278
0,277
0,276
0,275
0,274
0,273
0,272
0,271
0,270
0,269
0,268
0,267
0,266
0,265
0,264
0,263
0,262
0,261
0,260
0,259
0,258
0,257
0,256
0,255
0,254
0,251
0,249
0,247
0,245
0,242
0,240
0,238
0,236
0,220
0,214
0,213
0,335
0,212
0,438
0,211
0,404
0,210
0,329
0,209
0,418
0,208
0,372
0,207
0,206
0,396
0,205
0,301
0,204
0,415
0,203
0,202
0,201
0,414
0,200
0,412
0,199
0,378
0,198
0,349
0,197
0,196
0,429
0,195
0,194
0,193
0,366
0,192
0,371
0,63
0,343
0,62
0,427
0,61
0,334
0,60
0,385
0,59
0,425
0,58
0,389
0,57
0,333
0,56
0,407
0,55
0,367
0,54
0,313
0,53
0,380
0,52
0,51
0,50
0,49
0,48
0,47
0,46
0,45
0,6
16,28
16,26
16,67
16,66
16,19
16,72
16,71
16,70
16,117
16,95
16,84
16,75
16,93
0,253
0,318
0,252
0,312
0,250
0,430
0,248
0,319
0,246
0,352
0,244
0,336
0,241
0,326
0,239
0,384
0,237
0,360
0,235
0,234
0,375
16,130
16,129
0,233
0,424
0,232
0,413
0,231
14,74
0,441
0,230
0,402
0,229
0,428
16,83
16,22
16,13
0,228
0,382
16,94
16,131
16,128
16,110
16,27
16,7
16,31
16,86
16,89
0,227
0,423
0,226
0,390
0,225
0,310
0,224
0,383
0,223
0,395
0,222
0,409
0,221
0,447
16,76
0,219
0,381
0,218
0,445
0,217
0,406
0,216
0,320
0,215
0,444
15,7
16,17
16,4
0,304
0,303
0,12
0,11
0,10
0,8
15,4
0,328
0,327
0,325
14,64
13,4
13,3
13,2
13,1
13,0
12,8
12,7
12,6
12,5
12,4
12,3
12,2
12,1
12,0
11,5
11,4
11,3
11,2
11,1
11,0
10,4
10,3
10,2
10,1
10,0
9,5
9,4
9,3
9,2
9,1
9,0
8,5
8,4
8,3
8,2
8,1
8,0
7,5
7,4
7,3
7,2
7,1
7,0
6,5
6,4
6,3
6,2
6,1
6,0
5,6
5,5
5,4
5,3
5,2
5,1
5,0
4,3
3,6
3,5
3,4
3,3
3,2
2,3
2,2
2,1
2,0
1,2
0,243
0,9
14,1
177,3
2,5
0,410
0,331
0,324
0,1
0,344
0,440
0,354
0,391
0,351
15,0
15,1
16,0
16,1
16,14
16,15
16,18
16,21
16,25
16,32
16,64
16,69
16,74
16,77
16,78
16,80
16,85
16,87
16,88
16,90
16,92
16,96
16,98
16,99
16,101
16,103
16,104
16,106
16,107
16,109
16,111
16,112
16,114
16,115
16,118
16,120
16,122
16,123
17,0
17,2
17,3
166,1
166,2
166,8
177,0
177,2
177,9
177,1
166,3
166,0
17,1
16,121
16,119
16,116
16,113
16,108
16,105
16,102
16,100
16,97
16,91
16,79
16,73
16,68
16,65
16,2
15,2
0,322
0,321
0,434
0,394
0,339
0,405
0,377
0,442
0,364
0,411
0,416
0,307
0,376
0,373
0,401
0,421
0,379
0,308
0,392
0,5
0,306
0,305
0,302
0,4
0,2
0,3
0,7
